# w(nm)	HiR-Si	Si-SiN	Al2O3	SiO2
1.000000000000000000e+00	4.933673074239286507e+03	6.443633769966022555e+03	6.065472709650243814e+03	5.888467978229813525e+03
1.830000000000000071e+00	3.865603808069682600e+03	4.933194461801864236e+03	4.630490510633341728e+03	4.591666245614327636e+03
2.660000000000000142e+00	3.354381683553224320e+03	4.210235739431667753e+03	3.943648681492807555e+03	3.970963302628382280e+03
3.489999999999999769e+00	3.041656920313676892e+03	3.767987478953835307e+03	3.523493844485011323e+03	3.591266940560778949e+03
4.320000000000000284e+00	2.826004883291394890e+03	3.463017264079771849e+03	3.233759045338035321e+03	3.329431922823131572e+03
5.149999999999999467e+00	2.666211064860735860e+03	3.237040473805772308e+03	3.019071391434021280e+03	3.135417445330229839e+03
5.979999999999999538e+00	2.541969159434001995e+03	3.061340391777614968e+03	2.852148769178738803e+03	2.984568503857876294e+03
6.809999999999999609e+00	2.441972302354000931e+03	2.919927106693421592e+03	2.717800076249817721e+03	2.863156811166349598e+03
7.639999999999999680e+00	2.359364142219418682e+03	2.803104522059123155e+03	2.606813604640363792e+03	2.762857693324593129e+03
8.469999999999998863e+00	2.289716231932698065e+03	2.704610028527044051e+03	2.513239606561946857e+03	2.678294328762312489e+03
9.299999999999998934e+00	2.230025561395525074e+03	2.620196837392580164e+03	2.433043450393716284e+03	2.605820597492815068e+03
1.012999999999999901e+01	2.178175252090093181e+03	2.546871307114698538e+03	2.363381048128692782e+03	2.542866280695484875e+03
1.095999999999999908e+01	2.132625147626625221e+03	2.482455383492680994e+03	2.302183154753435701e+03	2.487561389655149014e+03
1.178999999999999915e+01	2.092224839703180805e+03	2.425322185223293673e+03	2.247904163173746383e+03	2.438509150280064205e+03
1.261999999999999922e+01	2.056095734085650292e+03	2.374229224287118541e+03	2.199363656420389816e+03	2.394642812911620695e+03
1.344999999999999929e+01	2.023553936799881285e+03	2.328209353352146991e+03	2.155642802999934247e+03	2.355132024202243883e+03
1.427999999999999936e+01	1.994058259903719545e+03	2.286497236717009855e+03	2.116014501133578960e+03	2.319319698059029633e+03
1.510999999999999943e+01	1.967174223083522975e+03	2.248478442186029042e+03	2.079895013852525153e+03	2.286678307999039589e+03
1.593999999999999950e+01	1.942548547437623256e+03	2.213653370756849654e+03	2.046809700652418314e+03	2.256778918646740294e+03
1.676999999999999957e+01	1.919890712094963419e+03	2.181611174409229989e+03	2.016368238272758163e+03	2.229268792608705098e+03
1.759999999999999787e+01	1.898959375159746742e+03	2.152010552913246102e+03	1.988246376840138737e+03	2.203854903394484609e+03
1.842999999999999972e+01	1.879552213635560292e+03	2.124565385680649342e+03	1.962172289510084966e+03	2.180291599508801482e+03
1.925999999999999801e+01	1.861498210581541571e+03	2.099033824436216491e+03	1.937916210036490384e+03	2.158371239862970015e+03
2.008999999999999986e+01	1.844651722894568593e+03	2.075209904010003811e+03	1.915282462664037666e+03	2.137916991142472853e+03
2.091999999999999815e+01	1.828887864061382061e+03	2.052917012730221359e+03	1.894103258721054544e+03	2.118777221751958223e+03
2.175000000000000000e+01	1.814098871200490976e+03	2.032002754776372967e+03	1.874233815634395569e+03	2.100821090840691795e+03
2.257999999999999829e+01	1.800191218017665506e+03	2.012334867386456835e+03	1.855548478100971806e+03	2.083935042982781397e+03
2.341000000000000014e+01	1.787083299463613002e+03	1.993797946552418580e+03	1.837937607357835986e+03	2.068019996992516099e+03
2.423999999999999844e+01	1.774703559160815530e+03	1.976290798869695436e+03	1.821305065325542955e+03	2.052989072330137333e+03
2.507000000000000028e+01	1.762988963061592131e+03	1.959724283019098948e+03	1.805566163923254180e+03	2.038765735886009224e+03
2.589999999999999858e+01	1.751883746274134865e+03	1.944019537556648856e+03	1.790645981392981639e+03	2.025282280433075812e+03
2.673000000000000043e+01	1.741338377205716370e+03	1.929106516028409715e+03	1.776477970595785791e+03	2.012478566936068091e+03
2.755999999999999872e+01	1.731308695932003047e+03	1.914922768471938753e+03	1.763002801385827070e+03	2.000300978398222014e+03
2.838999999999999702e+01	1.721755193257263272e+03	1.901412421879598242e+03	1.750167392006736463e+03	1.988701544528563318e+03
2.921999999999999886e+01	1.712642404155160420e+03	1.888525322416293875e+03	1.737924094161635594e+03	1.977637205284960601e+03
3.004999999999999716e+01	1.703938394791195606e+03	1.876216309978261734e+03	1.726230003812833274e+03	1.967069188039814208e+03
3.087999999999999901e+01	1.695614326567400894e+03	1.864444601674969817e+03	1.715046375463161667e+03	1.956962478262704735e+03
3.170999999999999730e+01	1.687644083916750787e+03	1.853173265464424276e+03	1.704338122086912790e+03	1.947285367605082456e+03
3.253999999999999915e+01	1.680003955141899951e+03	1.842368768802558179e+03	1.694073386327381058e+03	1.938009066388997326e+03
3.336999999999999744e+01	1.672672357611948428e+03	1.832000590022737924e+03	1.684223171290703704e+03	1.929107369953355374e+03
3.419999999999999574e+01	1.665629600229395237e+03	1.822040882421918013e+03	1.674761021413287835e+03	1.920556370251960743e+03
3.503000000000000114e+01	1.658857677352859810e+03	1.812464182830834716e+03	1.665662745590977465e+03	1.912334205643738414e+03
3.585999999999999943e+01	1.652340089381567168e+03	1.803247157888657284e+03	1.656906176129080222e+03	1.904420843054477245e+03
3.668999999999999773e+01	1.646061686029953762e+03	1.794368382405494685e+03	1.648470958177230386e+03	1.896797887687893308e+03
3.751999999999999602e+01	1.640008528986925285e+03	1.785808145138233385e+03	1.640338365208095183e+03	1.889448416272668965e+03
3.835000000000000142e+01	1.634167771196774993e+03	1.777548278072357107e+03	1.632491136827774426e+03	1.882356830490767607e+03
3.917999999999999972e+01	1.628527550442626080e+03	1.769572005930062460e+03	1.624913335802045594e+03	1.875508727771226404e+03
4.000999999999999801e+01	1.623076895278067695e+03	1.761863813140916591e+03	1.617590221672780217e+03	1.868890787076576544e+03
4.083999999999999631e+01	1.617805641653874318e+03	1.754409325937255744e+03	1.610508138743507061e+03	1.862490667674747328e+03
4.166999999999999460e+01	1.612704358836398114e+03	1.747195207589658821e+03	1.603654416548614336e+03	1.856296919192507403e+03
4.250000000000000000e+01	1.607764283422088283e+03	1.740209065091777120e+03	1.597017281199932086e+03	1.850298901498858413e+03
4.332999999999999829e+01	1.602977260426281191e+03	1.733439365849439582e+03	1.590585776237802747e+03	1.844486713177687307e+03
4.415999999999999659e+01	1.598335690570077531e+03	1.726875363134950021e+03	1.584349691809465639e+03	1.838851127525862466e+03
4.498999999999999488e+01	1.593832483011735803e+03	1.720507029240899783e+03	1.578299501162305205e+03	1.833383535161812915e+03
4.582000000000000028e+01	1.589461012872549645e+03	1.714324995414224531e+03	1.572426303578629131e+03	1.828075892455358371e+03
4.664999999999999858e+01	1.585215082994920976e+03	1.708320497775341664e+03	1.566721772996524123e+03	1.822920675096076820e+03
4.747999999999999687e+01	1.581088889444905817e+03	1.702485328532631684e+03	1.561178111661520234e+03	1.817910836208046248e+03
4.830999999999999517e+01	1.577076990335084702e+03	1.696811791892452447e+03	1.555788008239210058e+03	1.813039768495974840e+03
4.914000000000000057e+01	1.573174277597969422e+03	1.691292664141728892e+03	1.550544599891995858e+03	1.808301269973737817e+03
4.996999999999999886e+01	1.569375951386764882e+03	1.685921157446092366e+03	1.545441437885766618e+03	1.803689512882932377e+03
5.079999999999999716e+01	1.565677496820365377e+03	1.680690886963183402e+03	1.540472456346124318e+03	1.799199015457698351e+03
5.162999999999999545e+01	1.562074662824024927e+03	1.675595840919607326e+03	1.535631943830206183e+03	1.794824616234007408e+03
5.246000000000000085e+01	1.558563442846967064e+03	1.670630353342215358e+03	1.530914517420231732e+03	1.790561450637854477e+03
5.328999999999999915e+01	1.555140057264074130e+03	1.665789079170973764e+03	1.526315099079659149e+03	1.786404929618176084e+03
5.411999999999999744e+01	1.551800937291238370e+03	1.661066971512417922e+03	1.521828894042990214e+03	1.782350720117593937e+03
5.494999999999999574e+01	1.548542710263501704e+03	1.656459260820333839e+03	1.517451371036523369e+03	1.778394727197793600e+03
5.577999999999999403e+01	1.545362186142162500e+03	1.651961435814411061e+03	1.513178244150255296e+03	1.774533077657057447e+03
5.660999999999999943e+01	1.542256345131900844e+03	1.647569225968666615e+03	1.509005456201131437e+03	1.770762104995537356e+03
5.743999999999999773e+01	1.539222326302061674e+03	1.643278585419918045e+03	1.504929163445405038e+03	1.767078335599724824e+03
5.826999999999999602e+01	1.536257417117647719e+03	1.639085678162754448e+03	1.500945721513221997e+03	1.763478476031455102e+03
5.909999999999999432e+01	1.533359043795678645e+03	1.634986864411717306e+03	1.497051672452109642e+03	1.759959401319029894e+03
5.992999999999999972e+01	1.530524762411424945e+03	1.630978688023936684e+03	1.493243732777938931e+03	1.756518144158806990e+03
6.075999999999999801e+01	1.527752250686864954e+03	1.627057864886558036e+03	1.489518782442482916e+03	1.753151884945113807e+03
6.158999999999999631e+01	1.525039300400648244e+03	1.623221272183078327e+03	1.485873854635974112e+03	1.749857942554764122e+03
6.241999999999999460e+01	1.522383810364955934e+03	1.619465938461388077e+03	1.482306126351318198e+03	1.746633765819879955e+03
6.325000000000000000e+01	1.519783779920132019e+03	1.615789034434021232e+03	1.478812909643936564e+03	1.743476925629362540e+03
6.407999999999999829e+01	1.517237302902754436e+03	1.612187864447941593e+03	1.475391643527697397e+03	1.740385107605196481e+03
6.490999999999999659e+01	1.514742562047151296e+03	1.608659858567293668e+03	1.472039886453187592e+03	1.737356105305022993e+03
6.573999999999999488e+01	1.512297823784195089e+03	1.605202565217972733e+03	1.468755309319740718e+03	1.734387813907066175e+03
6.656999999999999318e+01	1.509901433404626459e+03	1.601813644347711488e+03	1.465535688977224254e+03	1.731478224337662596e+03
6.739999999999999147e+01	1.507551810557245517e+03	1.598490861059721055e+03	1.462378902177725195e+03	1.728625417805363668e+03
6.822999999999998977e+01	1.505247445055028948e+03	1.595232079681797813e+03	1.459282919940947295e+03	1.725827560708912415e+03
6.906000000000000227e+01	1.502986892964705476e+03	1.592035258236291838e+03	1.456245802300442847e+03	1.723082899889383498e+03
6.989000000000000057e+01	1.500768772957535930e+03	1.588898443279458888e+03	1.453265693400776854e+03	1.720389758199460630e+03
7.071999999999999886e+01	1.498591762901010043e+03	1.585819765081519563e+03	1.450340816918375367e+03	1.717746530365231592e+03
7.154999999999999716e+01	1.496454596672992011e+03	1.582797433121293579e+03	1.447469471781234006e+03	1.715151679118064294e+03
7.237999999999999545e+01	1.494356061181422774e+03	1.579829731871531749e+03	1.444650028164804098e+03	1.712603731576064774e+03
7.320999999999999375e+01	1.492294993574175805e+03	1.576915016853156430e+03	1.441880923743349740e+03	1.710101275856408392e+03
7.403999999999999204e+01	1.490270278624955836e+03	1.574051710938459564e+03	1.439160660177828504e+03	1.707642957901415230e+03
7.486999999999999034e+01	1.488280846282325001e+03	1.571238300884990622e+03	1.436487799822936267e+03	1.705227478502689337e+03
7.570000000000000284e+01	1.486325669370023206e+03	1.568473334083402278e+03	1.433860962637419107e+03	1.702853590508949310e+03
7.653000000000000114e+01	1.484403761427719928e+03	1.565755415503890617e+03	1.431278823283063730e+03	1.700520096204366837e+03
7.735999999999999943e+01	1.482514174682228713e+03	1.563083204827132477e+03	1.428740108398960274e+03	1.698225844845306710e+03
7.818999999999999773e+01	1.480655998140005522e+03	1.560455413746739168e+03	1.426243594038722449e+03	1.695969730344322443e+03
7.901999999999999602e+01	1.478828355792509001e+03	1.557870803431320155e+03	1.423788103259334548e+03	1.693750689091188633e+03
7.984999999999999432e+01	1.477030404926648316e+03	1.555328182135153384e+03	1.421372503851189776e+03	1.691567697901518386e+03
8.067999999999999261e+01	1.475261334533156969e+03	1.552826402947347333e+03	1.418995706199692904e+03	1.689419772084286024e+03
8.150999999999999091e+01	1.473520363806294426e+03	1.550364361670148810e+03	1.416656661269566939e+03	1.687305963620229249e+03
8.233999999999998920e+01	1.471806740728772638e+03	1.547940994817783121e+03	1.414354358703660409e+03	1.685225359443732486e+03
8.317000000000000171e+01	1.470119740736277436e+03	1.545555277727846260e+03	1.412087825028691896e+03	1.683177079821348343e+03
8.400000000000000000e+01	1.468458665456370909e+03	1.543206222777890844e+03	1.409856121960929840e+03	1.681160276820628269e+03
8.482999999999999829e+01	1.466822841516953758e+03	1.540892877700382542e+03	1.407658344805327033e+03	1.679174132863413433e+03
8.565999999999999659e+01	1.465211619419824729e+03	1.538614323989709419e+03	1.405493620942112557e+03	1.677217859358157511e+03
8.648999999999999488e+01	1.463624372475191649e+03	1.536369675395395689e+03	1.403361108395280553e+03	1.675290695406262785e+03
8.731999999999999318e+01	1.462060495793297150e+03	1.534158076496079048e+03	1.401259994477805776e+03	1.673391906577752934e+03
8.814999999999999147e+01	1.460519405329597475e+03	1.531978701349224593e+03	1.399189494508815187e+03	1.671520783751973795e+03
8.897999999999998977e+01	1.459000536980175411e+03	1.529830752211879826e+03	1.397148850598250192e+03	1.669676642019285282e+03
8.981000000000000227e+01	1.457503345724316205e+03	1.527713458328123352e+03	1.395137330494889738e+03	1.667858819640014190e+03
9.064000000000000057e+01	1.456027304811380645e+03	1.525626074779159353e+03	1.393154226493892338e+03	1.666066677057192010e+03
9.146999999999999886e+01	1.454571904989308223e+03	1.523567881392285926e+03	1.391198854400267692e+03	1.664299595959839280e+03
9.229999999999999716e+01	1.453136653772273576e+03	1.521538181705228908e+03	1.389270552544950533e+03	1.662556978393785585e+03
9.312999999999999545e+01	1.451721074745170881e+03	1.519536301982561781e+03	1.387368680850355986e+03	1.660838245917207132e+03
9.395999999999999375e+01	1.450324706902782282e+03	1.517561590281171902e+03	1.385492619942534020e+03	1.659142838798273715e+03
9.478999999999999204e+01	1.448947104021606719e+03	1.515613415561914280e+03	1.383641770307199977e+03	1.657470215252451226e+03
9.561999999999999034e+01	1.447587834062466982e+03	1.513691166844792633e+03	1.381815551487123685e+03	1.655819850717175086e+03
9.644999999999998863e+01	1.446246478602145999e+03	1.511794252405193447e+03	1.380013401318513843e+03	1.654191237161768186e+03
9.728000000000000114e+01	1.444922632292402341e+03	1.509922099008835630e+03	1.378234775204189646e+03	1.652583882430601079e+03
9.810999999999999943e+01	1.443615902344830374e+03	1.508074151183273443e+03	1.376479145421476460e+03	1.650997309617632254e+03
9.893999999999999773e+01	1.442325908040122840e+03	1.506249870523905656e+03	1.374746000462884695e+03	1.649431056470579279e+03
9.976999999999999602e+01	1.441052280260395946e+03	1.504448735032601235e+03	1.373034844407776063e+03	1.647884674823085334e+03
1.005999999999999943e+02	1.439794661043306178e+03	1.502670238487140978e+03	1.371345196323305572e+03	1.646357730053350224e+03
1.014299999999999926e+02	1.438552703156778534e+03	1.500913889839806870e+03	1.369676589693056258e+03	1.644849800567783404e+03
1.022599999999999909e+02	1.437326069693236832e+03	1.499179212643554365e+03	1.368028571871877602e+03	1.643360477308338432e+03
1.030899999999999892e+02	1.436114433682290382e+03	1.497465744504278973e+03	1.366400703565516324e+03	1.641889363282251225e+03
1.039200000000000017e+02	1.434917477720900933e+03	1.495773036557810428e+03	1.364792558333736906e+03	1.640436073113008661e+03
1.047500000000000000e+02	1.433734893620109460e+03	1.494100652970319970e+03	1.363203722115687015e+03	1.639000232611418824e+03
1.055799999999999983e+02	1.432566382067456288e+03	1.492448170460921119e+03	1.361633792776350674e+03	1.637581478365735393e+03
1.064099999999999966e+02	1.431411652304285781e+03	1.490815177845325479e+03	1.360082379672997376e+03	1.636179457349858467e+03
1.072399999999999949e+02	1.430270421817165698e+03	1.489201275599450355e+03	1.358549103240593695e+03	1.634793826548666857e+03
1.080699999999999932e+02	1.429142416042705690e+03	1.487606075441982284e+03	1.357033594595219483e+03	1.633424252599623060e+03
1.088999999999999915e+02	1.428027368085090984e+03	1.486029199934919234e+03	1.355535495154566433e+03	1.632070411449816447e+03
1.097299999999999898e+02	1.426925018445698697e+03	1.484470282101200610e+03	1.354054456274669292e+03	1.630731988027674106e+03
1.105599999999999881e+02	1.425835114764190394e+03	1.482928965058564472e+03	1.352590138902054832e+03	1.629408675928606726e+03
1.113900000000000006e+02	1.424757411570510158e+03	1.481404901668831144e+03	1.351142213240547335e+03	1.628100177113898098e+03
1.122199999999999989e+02	1.423691670047260686e+03	1.479897754201858334e+03	1.349710358432009343e+03	1.626806201622189747e+03
1.130499999999999972e+02	1.422637657801940577e+03	1.478407194013447452e+03	1.348294262250341262e+03	1.625526467292944744e+03
1.138799999999999955e+02	1.421595148648573286e+03	1.476932901236524913e+03	1.346893620808087917e+03	1.624260699501308409e+03
1.147099999999999937e+02	1.420563922398272098e+03	1.475474564484965867e+03	1.345508138275060901e+03	1.623008630903824042e+03
1.155399999999999920e+02	1.419543764658315240e+03	1.474031880569451005e+03	1.344137526608387134e+03	1.621770001194477800e+03
1.163699999999999903e+02	1.418534466639328002e+03	1.472604554224786170e+03	1.342781505293455211e+03	1.620544556870588622e+03
1.171999999999999886e+02	1.417535824970189879e+03	1.471192297848150247e+03	1.341439801095234998e+03	1.619332051008075723e+03
1.180300000000000011e+02	1.416547641520306570e+03	1.469794831247754701e+03	1.340112147819496386e+03	1.618132243045670521e+03
1.188599999999999994e+02	1.415569723228901694e+03	1.468411881401432538e+03	1.338798286083457924e+03	1.616944898577648928e+03
1.196899999999999977e+02	1.414601881941010106e+03	1.467043182224703742e+03	1.337497963095437854e+03	1.615769789154703176e+03
1.205199999999999960e+02	1.413643934249858830e+03	1.465688474347874035e+03	1.336210932443089860e+03	1.614606692092567300e+03
1.213499999999999943e+02	1.412695701345353427e+03	1.464347504901766570e+03	1.334936953889838151e+03	1.613455390288054332e+03
1.221799999999999926e+02	1.411757008868384673e+03	1.463020027311688409e+03	1.333675793179136235e+03	1.612315672042165943e+03
1.230099999999999909e+02	1.410827686770702485e+03	1.461705801099264136e+03	1.332427221846202428e+03	1.611187330889953955e+03
1.238399999999999892e+02	1.409907569180104929e+03	1.460404591691791666e+03	1.331191017036897392e+03	1.610070165436840398e+03
1.246699999999999875e+02	1.408996494270705398e+03	1.459116170238776704e+03	1.329966961333424251e+03	1.608963979201102347e+03
1.255000000000000000e+02	1.408094304138060807e+03	1.457840313435339795e+03	1.328754842586560017e+03	1.607868580462256432e+03
1.263299999999999983e+02	1.407200844678939575e+03	1.456576803352189927e+03	1.327554453754120232e+03	1.606783782115080840e+03
1.271599999999999966e+02	1.406315965475535904e+03	1.455325427271880926e+03	1.326365592745396953e+03	1.605709401529030629e+03
1.279899999999999949e+02	1.405439519683933213e+03	1.454085977531079379e+03	1.325188062271307444e+03	1.604645260412818061e+03
1.288199999999999932e+02	1.404571363926637787e+03	1.452858251368589436e+03	1.324021669700008488e+03	1.603591184683929896e+03
1.296500000000000057e+02	1.403711358189008251e+03	1.451642050778883231e+03	1.322866226917747099e+03	1.602547004342876789e+03
1.304799999999999898e+02	1.402859365719413290e+03	1.450437182370908886e+03	1.321721550194719839e+03	1.601512553351970382e+03
1.313100000000000023e+02	1.402015252932966177e+03	1.449243457231952107e+03	1.320587460055736301e+03	1.600487669518440271e+03
1.321399999999999864e+02	1.401178889318680831e+03	1.448060690796339713e+03	1.319463781155482138e+03	1.599472194381709414e+03
1.329699999999999989e+02	1.400350147349912959e+03	1.446888702718785908e+03	1.318350342158192234e+03	1.598465973104653358e+03
1.337999999999999829e+02	1.399528902397945558e+03	1.445727316752188926e+03	1.317246975621551655e+03	1.597468854368681605e+03
1.346299999999999955e+02	1.398715032648591205e+03	1.444576360629690498e+03	1.316153517884648409e+03	1.596480690272479478e+03
1.354599999999999795e+02	1.397908419021691998e+03	1.443435665950834164e+03	1.315069808959818147e+03	1.595501336234266546e+03
1.362899999999999920e+02	1.397108945093392549e+03	1.442305068071647383e+03	1.313995692428217126e+03	1.594530650897427222e+03
1.371200000000000045e+02	1.396316497021081659e+03	1.441184405998493730e+03	1.312931015338977886e+03	1.593568496039375759e+03
1.379499999999999886e+02	1.395530963470889446e+03	1.440073522285542140e+03	1.311875628111800324e+03	1.592614736483527849e+03
1.387800000000000011e+02	1.394752235547642613e+03	1.438972262935710432e+03	1.310829384442844002e+03	1.591669240014254456e+03
1.396099999999999852e+02	1.393980206727178711e+03	1.437880477304946908e+03	1.309792141213791183e+03	1.590731877294702372e+03
1.404399999999999977e+02	1.393214772790926418e+03	1.436798018009713587e+03	1.308763758403953034e+03	1.589802521787363276e+03
1.412699999999999818e+02	1.392455831762663593e+03	1.435724740837552417e+03	1.307744099005301450e+03	1.588881049677287592e+03
1.420999999999999943e+02	1.391703283847368994e+03	1.434660504660610059e+03	1.306733028940315990e+03	1.587967339797843124e+03
1.429300000000000068e+02	1.390957031372084657e+03	1.433605171352006892e+03	1.305730416982530187e+03	1.587061273558911125e+03
1.437599999999999909e+02	1.390216978728714594e+03	1.432558605704943602e+03	1.304736134679678798e+03	1.586162734877435014e+03
1.445900000000000034e+02	1.389483032318682945e+03	1.431520675354439845e+03	1.303750056279347518e+03	1.585271610110228266e+03
1.454199999999999875e+02	1.388755100499383389e+03	1.430491250701602212e+03	1.302772058657022171e+03	1.584387787988954415e+03
1.462500000000000000e+02	1.388033093532349767e+03	1.429470204840328506e+03	1.301802021246456889e+03	1.583511159557197743e+03
1.470799999999999841e+02	1.387316923533084037e+03	1.428457413486357382e+03	1.300839825972266453e+03	1.582641618109548290e+03
1.479099999999999966e+02	1.386606504422481066e+03	1.427452754908572388e+03	1.299885357184663917e+03	1.581779059132622479e+03
1.487399999999999807e+02	1.385901751879790027e+03	1.426456109862482435e+03	1.298938501596261631e+03	1.580923380247952082e+03
1.495699999999999932e+02	1.385202583297052797e+03	1.425467361525787510e+03	1.297999148220859070e+03	1.580074481156663978e+03
1.504000000000000057e+02	1.384508917734969828e+03	1.424486395435968916e+03	1.297067188314148098e+03	1.579232263585896362e+03
1.512299999999999898e+02	1.383820675880137969e+03	1.423513099429812200e+03	1.296142515316259505e+03	1.578396631236877511e+03
1.520600000000000023e+02	1.383137780003612988e+03	1.422547363584808636e+03	1.295225024796089656e+03	1.577567489734613673e+03
1.528899999999999864e+02	1.382460153920743551e+03	1.421589080162354094e+03	1.294314614397338346e+03	1.576744746579123330e+03
1.537199999999999989e+02	1.381787722952238710e+03	1.420638143552691190e+03	1.293411183786201491e+03	1.575928311098165523e+03
1.545499999999999829e+02	1.381120413886419328e+03	1.419694450221524903e+03	1.292514634600653153e+03	1.575118094401407689e+03
1.553799999999999955e+02	1.380458154942610008e+03	1.418757898658253907e+03	1.291624870401263706e+03	1.574314009335977289e+03
1.562099999999999795e+02	1.379800875735638101e+03	1.417828389325764874e+03	1.290741796623501159e+03	1.573515970443359492e+03
1.570399999999999920e+02	1.379148507241393190e+03	1.416905824611728121e+03	1.289865320531460611e+03	1.572723893917579062e+03
1.578700000000000045e+02	1.378500981763415211e+03	1.415990108781346407e+03	1.288995351172974551e+03	1.571937697564634618e+03
1.586999999999999886e+02	1.377858232900470739e+03	1.415081147931502983e+03	1.288131799336049880e+03	1.571157300763131161e+03
1.595300000000000011e+02	1.377220195515089699e+03	1.414178849946266382e+03	1.287274577506595961e+03	1.570382624426077655e+03
1.603599999999999852e+02	1.376586805703020673e+03	1.413283124453695336e+03	1.286423599827388443e+03	1.569613590963802380e+03
1.611899999999999977e+02	1.375958000763581822e+03	1.412393882783909021e+03	1.285578782058233628e+03	1.568850124247953772e+03
1.620199999999999818e+02	1.375333719170871518e+03	1.411511037928373753e+03	1.284740041537287652e+03	1.568092149576544898e+03
1.628499999999999943e+02	1.374713900545810475e+03	1.410634504500367029e+03	1.283907297143498226e+03	1.567339593640009980e+03
1.636799999999999784e+02	1.374098485628988783e+03	1.409764198696576159e+03	1.283080469260119571e+03	1.566592384488234757e+03
1.645099999999999909e+02	1.373487416254288974e+03	1.408900038259798521e+03	1.282259479739277594e+03	1.565850451498532038e+03
1.653400000000000034e+02	1.372880635323260776e+03	1.408041942442701838e+03	1.281444251867539606e+03	1.565113725344527438e+03
1.661699999999999875e+02	1.372278086780220974e+03	1.407189831972611955e+03	1.280634710332460372e+03	1.564382137965928450e+03
1.670000000000000000e+02	1.371679715588054705e+03	1.406343629017290368e+03	1.279830781190072230e+03	1.563655622539142314e+03
1.678299999999999841e+02	1.371085467704697066e+03	1.405503257151675598e+03	1.279032391833284464e+03	1.562934113448720836e+03
1.686599999999999966e+02	1.370495290060269326e+03	1.404668641325550198e+03	1.278239470961168536e+03	1.562217546259600567e+03
1.694899999999999807e+02	1.369909130534850874e+03	1.403839707832105432e+03	1.277451948549090957e+03	1.561505857690115135e+03
1.703199999999999932e+02	1.369326937936865534e+03	1.403016384277376801e+03	1.276669755819676993e+03	1.560798985585751552e+03
1.711500000000000057e+02	1.368748661982061776e+03	1.402198599550516974e+03	1.275892825214568575e+03	1.560096868893630472e+03
1.719799999999999898e+02	1.368174253273069098e+03	1.401386283794886367e+03	1.275121090366958015e+03	1.559399447637682442e+03
1.728100000000000023e+02	1.367603663279510329e+03	1.400579368379927246e+03	1.274354486074869101e+03	1.558706662894504234e+03
1.736399999999999864e+02	1.367036844318654403e+03	1.399777785873803850e+03	1.273592948275162144e+03	1.558018456769864542e+03
1.744699999999999989e+02	1.366473749536588912e+03	1.398981470016777166e+03	1.272836414018239793e+03	1.557334772375847933e+03
1.752999999999999829e+02	1.365914332889901743e+03	1.398190355695298877e+03	1.272084821443435430e+03	1.556655553808610648e+03
1.761299999999999955e+02	1.365358549127848164e+03	1.397404378916793121e+03	1.271338109755054347e+03	1.555980746126730992e+03
1.769599999999999795e+02	1.364806353774995387e+03	1.396623476785112416e+03	1.270596219199055668e+03	1.555310295330136341e+03
1.777899999999999920e+02	1.364257703114325068e+03	1.395847587476642047e+03	1.269859091040350904e+03	1.554644148339586081e+03
1.786200000000000045e+02	1.363712554170782823e+03	1.395076650217035876e+03	1.269126667540701419e+03	1.553982252976699783e+03
1.794499999999999886e+02	1.363170864695257251e+03	1.394310605258559690e+03	1.268398891937194321e+03	1.553324557944503795e+03
1.802800000000000011e+02	1.362632593148978913e+03	1.393549393858028452e+03	1.267675708421281797e+03	1.552671012808489650e+03
1.811099999999999852e+02	1.362097698688323362e+03	1.392792958255316535e+03	1.266957062118363410e+03	1.552021567978163148e+03
1.819399999999999977e+02	1.361566141150009571e+03	1.392041241652422741e+03	1.266242899067900453e+03	1.551376174689072286e+03
1.827699999999999818e+02	1.361037881036677391e+03	1.391294188193077389e+03	1.265533166204037343e+03	1.550734784985295846e+03
1.835999999999999943e+02	1.360512879502835403e+03	1.390551742942868941e+03	1.264827811336724835e+03	1.550097351702383776e+03
1.844299999999999784e+02	1.359991098341169618e+03	1.389813851869881091e+03	1.264126783133322078e+03	1.549463828450730944e+03
1.852599999999999909e+02	1.359472499969196633e+03	1.389080461825818247e+03	1.263430031100666383e+03	1.548834169599373581e+03
1.860900000000000034e+02	1.358957047416256273e+03	1.388351520527613047e+03	1.262737505567598873e+03	1.548208330260197499e+03
1.869199999999999875e+02	1.358444704310833458e+03	1.387626976539494535e+03	1.262049157667928057e+03	1.547586266272541707e+03
1.877500000000000000e+02	1.357935434868193852e+03	1.386906779255503352e+03	1.261364939323820181e+03	1.546967934188189702e+03
1.885799999999999841e+02	1.357429203878332373e+03	1.386190878882450306e+03	1.260684803229607041e+03	1.546353291256734337e+03
1.894099999999999966e+02	1.356925976694219571e+03	1.385479226423291948e+03	1.260008702835993972e+03	1.545742295411308305e+03
1.902399999999999807e+02	1.356425719220337214e+03	1.384771773660921554e+03	1.259336592334658462e+03	1.545134905254665227e+03
1.910699999999999932e+02	1.355928397901499920e+03	1.384068473142357107e+03	1.258668426643230532e+03	1.544531080045605904e+03
1.918999999999999773e+02	1.355433979711947813e+03	1.383369278163318540e+03	1.258004161390638728e+03	1.543930779685735615e+03
1.927299999999999898e+02	1.354942432144706800e+03	1.382674142753181968e+03	1.257343752902816050e+03	1.543333964706546794e+03
1.935600000000000023e+02	1.354453723201209868e+03	1.381983021660299528e+03	1.256687158188754665e+03	1.542740596256816843e+03
1.943899999999999864e+02	1.353967821381164640e+03	1.381295870337673477e+03	1.256034334926893280e+03	1.542150636090304943e+03
1.952199999999999989e+02	1.353484695672671023e+03	1.380612644928978170e+03	1.255385241451839875e+03	1.541564046553754906e+03
1.960499999999999829e+02	1.353004315542571248e+03	1.379933302254915816e+03	1.254739836741406634e+03	1.540980790575178162e+03
1.968799999999999955e+02	1.352526650927034552e+03	1.379257799799898748e+03	1.254098080403960921e+03	1.540400831652421857e+03
1.977099999999999795e+02	1.352051672222363550e+03	1.378586095699050702e+03	1.253459932666072064e+03	1.539824133842005722e+03
1.985399999999999920e+02	1.351579350276020250e+03	1.377918148725513674e+03	1.252825354360454639e+03	1.539250661748227458e+03
1.993700000000000045e+02	1.351109656377861938e+03	1.377253918278056972e+03	1.252194306914195977e+03	1.538680380512521879e+03
2.001999999999999886e+02	1.350642562251586241e+03	1.376593364368974107e+03	1.251566752337258549e+03	1.538113255803071752e+03
2.010300000000000011e+02	1.350178040046373553e+03	1.375936447612269149e+03	1.250942653211254310e+03	1.537549253804663294e+03
2.018599999999999852e+02	1.349716062328725684e+03	1.375283129212111362e+03	1.250321972678478687e+03	1.536988341208775182e+03
2.026899999999999977e+02	1.349256602074494367e+03	1.374633370951564302e+03	1.249704674431201056e+03	1.536430485203900162e+03
2.035199999999999818e+02	1.348799632661093710e+03	1.373987135181571375e+03	1.249090722701200548e+03	1.535875653466090171e+03
2.043499999999999943e+02	1.348345127859892273e+03	1.373344384810197198e+03	1.248480082249546513e+03	1.535323814149719283e+03
2.051799999999999784e+02	1.347893061828779537e+03	1.372705083292115887e+03	1.247872718356609766e+03	1.534774935878456972e+03
2.060099999999999909e+02	1.347443409104902912e+03	1.372069194618338997e+03	1.247268596812305304e+03	1.534228987736451472e+03
2.068400000000000034e+02	1.346996144597567763e+03	1.371436683306176064e+03	1.246667683906553521e+03	1.533685939259707993e+03
2.076699999999999875e+02	1.346551243581302288e+03	1.370807514389426387e+03	1.246069946419962434e+03	1.533145760427669757e+03
2.085000000000000000e+02	1.346108681689075411e+03	1.370181653408787724e+03	1.245475351614715009e+03	1.532608421654981839e+03
2.093299999999999841e+02	1.345668434905668846e+03	1.369559066402483495e+03	1.244883867225665654e+03	1.532073893783444646e+03
2.101599999999999966e+02	1.345230479561198536e+03	1.368939719897100986e+03	1.244295461451634765e+03	1.531542148074147917e+03
2.109899999999999807e+02	1.344794792324777745e+03	1.368323580898630098e+03	1.243710102946895631e+03	1.531013156199777086e+03
2.118199999999999932e+02	1.344361350198324089e+03	1.367710616883704688e+03	1.243127760812854604e+03	1.530486890237093576e+03
2.126499999999999773e+02	1.343930130510502067e+03	1.367100795791036489e+03	1.242548404589910660e+03	1.529963322659579262e+03
2.134799999999999898e+02	1.343501110910798616e+03	1.366494086013037759e+03	1.241972004249498696e+03	1.529442426330246235e+03
2.143100000000000023e+02	1.343074269363731219e+03	1.365890456387629456e+03	1.241398530186305152e+03	1.528924174494600265e+03
2.151399999999999864e+02	1.342649584143180391e+03	1.365289876190226551e+03	1.240827953210654869e+03	1.528408540773763661e+03
2.159699999999999989e+02	1.342227033826845854e+03	1.364692315125897949e+03	1.240260244541063230e+03	1.527895499157740915e+03
2.167999999999999829e+02	1.341806597290825039e+03	1.364097743321700591e+03	1.239695375796950884e+03	1.527385023998838506e+03
2.176299999999999955e+02	1.341388253704306862e+03	1.363506131319174074e+03	1.239133318991515807e+03	1.526877090005221135e+03
2.184599999999999795e+02	1.340971982524379882e+03	1.362917450067000118e+03	1.238574046524758160e+03	1.526371672234608923e+03
2.192899999999999920e+02	1.340557763490954130e+03	1.362331670913818471e+03	1.238017531176655666e+03	1.525868746088109674e+03
2.201199999999999761e+02	1.340145576621789132e+03	1.361748765601198784e+03	1.237463746100485878e+03	1.525368287304184832e+03
2.209499999999999886e+02	1.339735402207628340e+03	1.361168706256758014e+03	1.236912664816287815e+03	1.524870271952740723e+03
2.217800000000000011e+02	1.339327220807437925e+03	1.360591465387427434e+03	1.236364261204466402e+03	1.524374676429346664e+03
2.226099999999999852e+02	1.338921013243744937e+03	1.360017015872859929e+03	1.235818509499526954e+03	1.523881477449576550e+03
2.234399999999999977e+02	1.338516760598075280e+03	1.359445330958979412e+03	1.235275384283948370e+03	1.523390652043469117e+03
2.242699999999999818e+02	1.338114444206485132e+03	1.358876384251659601e+03	1.234734860482177282e+03	1.522902177550101442e+03
2.250999999999999943e+02	1.337714045655187874e+03	1.358310149710542191e+03	1.234196913354755452e+03	1.522416031612281131e+03
2.259299999999999784e+02	1.337315546776271276e+03	1.357746601642977566e+03	1.233661518492562436e+03	1.521932192171345378e+03
2.267599999999999909e+02	1.336918929643504043e+03	1.357185714698096717e+03	1.233128651811183772e+03	1.521450637462068698e+03
2.275899999999999750e+02	1.336524176568227176e+03	1.356627463860999796e+03	1.232598289545391026e+03	1.520971346007676402e+03
2.284199999999999875e+02	1.336131270095333775e+03	1.356071824447070412e+03	1.232070408243738711e+03	1.520494296614961058e+03
2.292500000000000000e+02	1.335740192999327974e+03	1.355518772096403609e+03	1.231544984763270577e+03	1.520019468369499464e+03
2.300799999999999841e+02	1.335350928280465041e+03	1.354968282768346853e+03	1.231021996264334803e+03	1.519546840630965562e+03
2.309099999999999966e+02	1.334963459160972434e+03	1.354420332736154251e+03	1.230501420205504019e+03	1.519076393028540679e+03
2.317399999999999807e+02	1.334577769081344286e+03	1.353874898581749221e+03	1.229983234338599914e+03	1.518608105456416979e+03
2.325699999999999932e+02	1.334193841696713662e+03	1.353331957190591766e+03	1.229467416703816980e+03	1.518141958069391421e+03
2.333999999999999773e+02	1.333811660873296205e+03	1.352791485746650096e+03	1.228953945624945391e+03	1.517677931278547021e+03
2.342299999999999898e+02	1.333431210684907001e+03	1.352253461727475269e+03	1.228442799704691424e+03	1.517216005747025520e+03
2.350600000000000023e+02	1.333052475409544286e+03	1.351717862899369493e+03	1.227933957820087471e+03	1.516756162385878724e+03
2.358899999999999864e+02	1.332675439526044556e+03	1.351184667312655620e+03	1.227427399117997993e+03	1.516298382350007159e+03
2.367199999999999989e+02	1.332300087710802245e+03	1.350653853297038495e+03	1.226923103010711657e+03	1.515842647034176707e+03
2.375499999999999829e+02	1.331926404834555115e+03	1.350125399457058847e+03	1.226421049171623963e+03	1.515388938069116875e+03
2.383799999999999955e+02	1.331554375959232630e+03	1.349599284667636766e+03	1.225921217531001275e+03	1.514937237317693189e+03
2.392099999999999795e+02	1.331183986334865949e+03	1.349075488069700896e+03	1.225423588271831022e+03	1.514487526871156433e+03
2.400399999999999920e+02	1.330815221396560446e+03	1.348553989065907899e+03	1.224928141825751936e+03	1.514039789045465113e+03
2.408699999999999761e+02	1.330448066761525297e+03	1.348034767316441503e+03	1.224434858869065465e+03	1.513594006377680898e+03
2.416999999999999886e+02	1.330082508226161053e+03	1.347517802734893849e+03	1.223943720318821761e+03	1.513150161622431369e+03
2.425300000000000011e+02	1.329718531763206101e+03	1.347003075484230294e+03	1.223454707328985933e+03	1.512708237748445072e+03
2.433599999999999852e+02	1.329356123518934055e+03	1.346490565972825607e+03	1.222967801286672511e+03	1.512268217935150005e+03
2.441899999999999977e+02	1.328995269810410264e+03	1.345980254850583606e+03	1.222482983808459721e+03	1.511830085569341463e+03
2.450199999999999818e+02	1.328635957122796071e+03	1.345472123005126377e+03	1.222000236736767874e+03	1.511393824241908987e+03
2.458499999999999943e+02	1.328278172106707871e+03	1.344966151558059437e+03	1.221519542136311202e+03	1.510959417744631082e+03
2.466799999999999784e+02	1.327921901575626180e+03	1.344462321861305782e+03	1.221040882290616082e+03	1.510526850067027681e+03
2.475099999999999909e+02	1.327567132503353150e+03	1.343960615493511796e+03	1.220564239698605661e+03	1.510096105393274456e+03
2.483399999999999750e+02	1.327213852021517141e+03	1.343461014256519093e+03	1.220089597071248136e+03	1.509667168099172613e+03
2.491699999999999875e+02	1.326862047417127769e+03	1.342963500171905025e+03	1.219616937328269614e+03	1.509240022749180071e+03
2.500000000000000000e+02	1.326511706130173479e+03	1.342468055477586404e+03	1.219146243594928592e+03	1.508814654093494937e+03
